ElNo =1
Hi =
  -0.1052441 88182017  -0.0262041 63118146  -0.07574537 3777401  -0.0407322 65410053
  -0.0197068 99503497  -0.02883169 9686874  -0.0258101 85585479  -0.0384725 31975724
%   Hi =½âÎö½ã
  -0.105244196270123  -0.026204177716894  -0.075745378913970  -0.040732254264985
  -0.019706912630526  -0.028831694286919  -0.025810175693919  -0.038472528191731
  Gi =
  -0.00134058993 0779   0.000039593291 883  -0.001392688254 918   0.000066318061 923
   0.000039593291 883  -0.0014630103822 77   0.000066318061 923  -0.0014581597963 07
%    Gi =£¨½âÎö½â£©
  -0.001340589930758   0.000039593291969  -0.001392688254865   0.000066318061863
   0.000039593291969  -0.001463010382297   0.000066318061863  -0.001458159796328
   ElNo =2
Hi =
  -0.0320743 32936805  -0.035293 198355556  -0.018938 812920653  -0.0268422 63923243
  -0.0188431 56078526  -0.0495328 77140364  -0.0093771 95185196  -0.0445869 69582145
Gi =
  -0.00151988728 4283   0.000072057628 377  -0.00157637905 0492   0.000061320945 792
   0.000072057628 377  -0.00146720904 7761   0.000061320945 792  -0.001482372792 909
ElNo = 3
Hi =
  -0.009195856 858434  -0.01501922 2055991  -0.00648362 3293266  -0.0109101 61835328
  -0.000965517 712273  -0.04059569 3307630   0.00293113 6425966  -0.03407477 5284844
Gi =
  -0.0016654066 50201   0.000034000801 594  -0.001699840915 109   0.00002029626 9815
   0.000034000801 594  -0.001524988768 565   0.000020296269 815  -0.0015488407282 28
   ElNo = 4
Hi =
  -0.005267585 537392  -0.00488153 1144034  -0.004668302 311676  -0.0033327729 99965
   0.006029429 918090  -0.03105109 7126203   0.0073951844 92550  -0.02631476 6144864
Gi =
  -0.0017539400715 66  -0.000004379993 148  -0.001775182837 495  -0.000015312319 739
  -0.0000043799931 48  -0.0015974491494 81  -0.000015312319 739  -0.0016213166534 38
  ElNo =5
Hi =
  -0.005339761 383752   0.0002962295 67328  -0.005245221 316212   0.0007625590 33645
   0.008825769 102911  -0.02458982 9792396   0.00923617235 3954  -0.02117320 2005342
Gi =
  -0.00180886576 1064  -0.000034144547 072  -0.001822108455 804  -0.000042239626 089
  -0.00003414454 7072  -0.001667494151 942  -0.000042239626 089  -0.00168967618 9806
  ElNo = 6
Hi =
  -0.006557248687562   0.003271425079936  -0.006604262069080   0.003224763393052
   0.010035725816121  -0.019923571360474   0.010031762409184  -0.017366774955570
Gi =
  -0.0018428762106 08  -0.000055722790 832  -0.001850845563 453  -0.00006126993 9889
  -0.000055722790 832  -0.001732116236 252  -0.0000612699 39889  -0.001752416114 555
  ElNo = 7
Hi =
  -0.008205564155245   0.005020185067520  -0.008291332861047   0.004699047077272
   0.010428725954360  -0.016220263665843   0.010218476704552  -0.014252745273072
Gi =
  -0.001862890967057  -0.000069907876072  -0.001867239363308  -0.000073114331091
  -0.000069907876072  -0.001791056151399  -0.000073114331091  -0.001809469250248
  ElNo =8
Hi =
  -0.009223794728494   0.011176475284613  -0.011086670060376   0.012208293272429
   0.003759589306951  -0.012123940836875   0.004687139711398  -0.012733475778616
Gi =
  -0.002065276835262  -0.000086088855098  -0.002039719455460  -0.000087299103833
  -0.000086088855098  -0.002030932372158  -0.000087299103833  -0.002021773631927
  ElNo =  9
Hi =
  -0.016205317648870   0.014226643731574  -0.019584432584015   0.015034443402980
   0.006733561004248  -0.013506942410117   0.007729695802496  -0.013537153058988
Gi =
  -0.001985190486422  -0.000086973281836  -0.001956656266730  -0.000084787248640
  -0.000086973281836  -0.002006325011552  -0.000084787248640  -0.002000403667174
  ElNo =10
Hi =
  -0.061447803682731   0.028858620094457  -0.084269697793562   0.020694518925924
   0.012309174939048  -0.021698698819796   0.007737965501556  -0.019221438919177
Gi =
  -0.001218994228521  -0.000049792191682  -0.001176274504849  -0.000028754762412
  -0.000049792191682  -0.001306789084618  -0.000028754762412  -0.001294391908075
  ElNo = 11
Hi =
  -0.011075400206209   0.015903694022548  -0.015594452545227   0.019173057251757
  -0.002372273051622  -0.008303020059637  -0.001586899514282  -0.010213833677320
Gi =
  -0.001355191278810  -0.000067294809426  -0.001313798621860  -0.000065755402811
  -0.000067294809426  -0.001381009379272  -0.000065755402811  -0.001351978235097
  ElNo =12
Hi =
   0.002978684 827256   0.004831028 835183   0.003607340 141385   0.005110505 836612
  -0.008586077 698223   0.002351906 237392  -0.009748535 666497   0.00295154 7212532
Gi =
  -0.001441834154 626  -0.0000676734150 61  -0.001417973781 457  -0.0000679330088 24
  -0.0000676734150 61  -0.00146476523328 4  -0.0000679330088 24  -0.001437559285 047
  ElNo =13
Hi =
   0.009344579 731569  -0.0003144351 42990   0.010394730 345383  -0.0009614764 69855
  -0.0099432060 49910   0.005845849 653632  -0.0111495598 33155   0.007172012 961440
Gi =
  -0.001491196493 883  -0.000064794676 958  -0.001477736081 213  -0.000066162702 118
  -0.000064794676 958  -0.001536096070 077  -0.000066162702 118  -0.001513676092 967
  
  